1
295
0	LaDefense	4	7
1	Abbesses	28	6
2	Alesia	28	39
3	AlexandreDumas	46	23
4	Alma-Marceau	13	22
5	AnatoleFrance	12	4
6	Anvers	30	8
7	Argentine	10	14
8	ArtsetMetiers	36	19
9	Assembleenationale	18	25
10	Aubervilliers-Pantin-QuatreChemins	45	2
11	AvenueEmile-Zola	12	31
12	Avron	46	25
13	Balard	10	39
14	Barbes-Rochechouart	33	8
15	BasiliquedeSaint-Denis	29	0
16	Bastille	37	25
17	Bel-Air	47	31
18	Belleville	41	14
19	Berault	52	30
20	Bercy	43	35
21	BibliothequeFrancois-Mitterrand	43	38
22	Billancourt	5	40
23	Bir-Hakeim	10	28
24	Blanche	24	8
25	Bobigny-PabloPicasso	53	3
26	Bobigny-Pantin-RaymondQueneau	51	5
27	Boissiere	8	20
28	Bonne-Nouvelle	32	16
29	Boucicaut	13	37
30	Boulogne-JeanJaures	2	35
31	Boulogne-PontdeSaint-Cloud	1	36
32	Bourse	27	19
33	Breguet-Sabin	39	23
34	Brochant	20	4
35	Buzenval	49	26
36	Cadet	29	12
37	Cambronne	17	32
38	Campo-Formio	36	36
39	CardinalLemoine	32	30
40	CarrefourPleyel	25	0
41	Censier-Daubenton	32	34
42	Champs-Elysees-Clemenceau	17	20
43	Chardon-Lagache	6	34
44	Charenton-Ecoles	49	39
45	CharlesdeGaulle-Etoile	11	16
46	CharlesMichels	11	32
47	Charonne	44	24
48	Chateaud'Eau	34	14
49	ChateaudeVincennes	53	31
50	Chateau-Landon	38	11
51	ChateauRouge	31	6
52	Chatelet	30	22
53	Chatillon-Montrouge	19	44
54	Chaussaed'Antin-LaFayette	24	16
55	CheminVert	37	23
56	Chevaleret	39	38
57	Cite	29	24
58	Cluny-LaSorbonne	30	28
59	ColonelFabien	41	12
60	Commerce	14	33
61	Concorde	18	22
62	Convention	16	39
63	CorentinCariou	42	5
64	CorentinCelton	12	42
65	Corvisart	33	38
66	Courcelles	15	13
67	Couronnes	43	15
68	CourSaint-Emilion	44	37
69	Creteil-L'Echat	51	43
70	Creteil-Prefecture	51	44
71	Creteil-Universite	51	45
72	Crimee	41	6
73	CroixdeChavaux	53	22
74	Daumesnil	46	32
75	Denfert-Rochereau	29	36
76	Dugommier	45	33
77	Dupleix	12	29
78	Duroc	20	32
79	EcoleMilitaire	14	28
80	EcoleveterinairedeMaisons-Alfort	50	40
81	EdgarQuinet	25	34
82	Eglised'Auteuil	7	33
83	EglisedePantin	50	6
84	EsplanadedeLaDefense	5	8
85	EtienneMarcel	30	20
86	Europe	19	11
87	Exelmans	7	36
88	Faidherbe-Chaligny	42	28
89	Falguiere	20	33
90	FelixFaure	14	35
91	FillesduCalvaire	37	20
92	Fortd'Aubervilliers	46	0
93	FranklinD.Roosevelt	15	17
94	FrontPopulaire	36	2
95	GabrielPeri	13	0
96	Gaite	24	36
97	Gallieni	53	18
98	Gambetta	49	18
99	Gared'Austerlitz	37	33
100	Garedel'Est	33	12
101	GaredeLyon	39	30
102	GareduNord	33	9
103	Garibaldi	23	1
104	GeorgeV	14	16
105	Glaciere	32	38
106	Goncourt	40	15
107	GrandsBoulevards	29	16
108	GuyMoquet	23	4
109	Havre-Caumartin	22	16
110	Hoche	49	7
111	HoteldeVille	33	22
112	Iena	11	22
113	Invalides	17	24
114	JacquesBonsergent	37	14
115	Jasmin	7	30
116	Jaures	41	9
117	Javel-AndreCitroen	9	33
118	Jourdain	46	13
119	JulesJoffrin	29	5
120	Jussieu	33	31
121	Kleber	10	18
122	LaChapelle	36	8
123	LaCourneuve-8Mai1945	46	0
124	LaFourche	23	6
125	Lamarck-Caulaincourt	28	5
126	LaMotte-Picquet-Grenelle	14	31
127	LaMuette	7	25
128	LaTour-Maubourg	15	26
129	Laumiere	43	8
130	Ledru-Rollin	39	27
131	LeKremlin-Bicetre	35	43
132	LePeletier	28	13
133	LesAgnettes	13	0
134	LesCourtilles	12	0
135	LesGobelins	34	36
136	LesHalles	30	21
137	LesSablons	7	11
138	Liberte	48	38
139	Liege	23	10
140	LouisBlanc	39	10
141	LouiseMichel	13	5
142	Lourmel	12	38
143	Louvre-Rivoli	25	22
144	Mabillon	26	29
145	Madeleine	18	19
146	MairiedeClichy	16	1
147	MairiedeMontreuil	54	21
148	MairiedeMontrouge	27	42
149	MairiedeSaint-Ouen	24	0
150	MairiedesLilas	53	11
151	Mairied'Issy	8	42
152	Mairied'Ivry	43	43
153	MaisonBlanche	35	40
154	Maisons-Alfort-LesJuilliottes	51	42
155	Maisons-Alfort-Stade	51	41
156	Malakoff-PlateaudeVanves	19	42
157	Malakoff-RueEtienne-Dolet	19	43
158	Malesherbes	17	9
159	Maraichers	50	25
160	Marcadet-Poissonniers	31	5
161	MarcelSembat	6	39
162	MarxDormoy	36	4
163	Maubert-Mutualite	31	29
164	Menilmontant	44	17
165	Michel-Ange-Auteuil	5	33
166	Michel-Ange-Molitor	5	34
167	MichelBizot	47	33
168	Mirabeau	7	34
169	Miromesnil	19	16
170	Monceau	16	11
171	Montgallet	45	31
172	Montparnasse-Bienvenue	24	34
173	Mouton-Duvernet	29	38
174	Nation	47	27
175	Nationale	37	38
176	Notre-Dame-de-Lorette	27	12
177	Notre-Dame-des-Champs	23	32
178	Oberkampf	39	18
179	Odeon	28	28
180	Olympiades	40	40
181	Opera	23	17
182	Ourcq	44	7
183	Palais-Royal-MuseeduLouvre	23	22
184	Parmentier	43	18
185	Passy	8	26
186	Pasteur	20	34
187	Pereire	15	7
188	PereLachaise	46	19
189	Pernety	23	38
190	PhilippeAuguste	46	21
191	Picpus	48	30
192	PierreetMarieCurie	42	42
193	Pigalle	28	8
194	PlacedeClichy	21	8
195	PlacedesFetes	48	13
196	Placed'Italie	35	38
197	PlaceMonge	32	33
198	Plaisance	22	39
199	PointeduLac	46	46
200	Poissonniere	32	12
201	PontdeLevallois-Becon	11	3
202	PontdeNeuilly	6	10
203	PontdeSevres	4	41
204	PontMarie	33	25
205	Pont-Neuf	27	23
206	PorteDauphine	7	16
207	Ported'Auteuil	3	33
208	PortedeBagnolet	51	18
209	PortedeChamperret	14	6
210	PortedeCharenton	47	36
211	PortedeChoisy	39	41
212	PortedeClichy	18	3
213	PortedeClignancourt	29	2
214	PortedelaChapelle	36	3
215	PortedelaVillette	43	5
216	PortedeMontreuil	51	24
217	PortedePantin	47	7
218	PortedeSaint-Cloud	7	38
219	PortedeSaint-Ouen	21	2
220	PortedesLilas	52	12
221	PortedeVanves	20	41
222	PortedeVersailles	14	41
223	PortedeVincennes	49	28
224	Ported'Italie	36	41
225	Ported'Ivry	41	41
226	PorteDoree	48	34
227	Ported'Orleans	27	39
228	PorteMaillot	9	13
229	Pyramides	23	20
230	Pyrenees	43	13
231	QuaidelaGare	41	37
232	QuaidelaRapee	37	30
233	Quatre-Septembre	25	19
234	Rambuteau	34	21
235	Ranelagh	7	28
236	Raspail	28	35
237	Reaumur-Sebastopol	32	19
238	Rennes	23	30
239	Republique	38	17
240	Reuilly-Diderot	43	29
241	Richard-Lenoir	40	22
242	Richelieu-Drouot	27	16
243	Riquet	40	7
244	Robespierre	51	23
245	Rome	19	8
246	RuedelaPompe	7	22
247	RuedesBoulets	45	25
248	RueduBac	21	28
249	RueSaint-Maur	44	18
250	Saint-Ambroise	42	21
251	Saint-Augustin	20	15
252	Saint-Denis-PortedeParis	26	0
253	Saint-Denis-Universite	28	0
254	Saint-Francois-Xavier	18	29
255	Saint-Georges	28	10
256	Saint-Germain-des-Pres	25	28
257	Saint-Jacques	30	37
258	Saint-Lazare	21	14
259	Saint-Mande	51	29
260	Saint-Marcel	37	35
261	Saint-Michel	28	27
262	Saint-Paul	35	25
263	Saint-PhilippeduRoule	17	17
264	Saint-Placide	24	32
265	Saint-Sebastien-Froissart	37	22
266	Saint-Sulpice	24	29
267	Segur	18	32
268	Sentier	29	19
269	Sevres-Babylone	22	29
270	Sevres-Lecourbe	18	33
271	Simplon	30	3
272	Solferino	19	26
273	Stalingrad	40	8
274	Strasbourg-Saint-Denis	36	16
275	Sully-Morland	34	26
276	Telegraphe	50	13
277	Temple	36	18
278	Ternes	13	14
279	Tolbiac	35	39
280	Trinite-d'Estienned'Orves	24	12
281	Trocadero	8	22
282	Tuileries	21	22
283	Vaneau	21	30
284	Varenne	17	26
285	Vaugirard	17	38
286	Vavin	26	34
287	VictorHugo	9	18
288	Villejuif-LeoLagrange	35	44
289	Villejuif-LouisAragon	35	46
290	Villejuif-PaulVaillant-Couturier	36	45
291	Villiers	18	10
292	Volontaires	19	36
293	Voltaire	43	23
294	Wagram	16	8
708
0	0	84	
1	84	202	
2	84	0	
3	202	137	
4	202	84	
5	137	228	
6	137	202	
7	228	7	
8	228	137	
9	7	45	
10	7	228	
11	45	104	
12	45	7	
13	104	93	
14	104	45	
15	93	42	
16	93	104	
17	42	61	
18	42	93	
19	61	282	
20	61	42	
21	282	183	
22	282	61	
23	183	143	
24	183	282	
25	143	52	
26	143	183	
27	52	111	
28	52	143	
29	111	262	
30	111	52	
31	262	16	
32	262	111	
33	16	101	
34	16	262	
35	101	240	
36	101	16	
37	240	174	
38	240	101	
39	174	223	
40	174	240	
41	223	259	
42	223	174	
43	259	19	
44	259	223	
45	19	49	
46	19	259	
47	49	19	
48	206	287	
49	287	45	
50	287	206	
51	45	278	
52	45	287	
53	278	66	
54	278	45	
55	66	170	
56	66	278	
57	170	291	
58	170	66	
59	291	245	
60	291	170	
61	245	194	
62	245	291	
63	194	24	
64	194	245	
65	24	193	
66	24	194	
67	193	6	
68	193	24	
69	6	14	
70	6	193	
71	14	122	
72	14	6	
73	122	273	
74	122	14	
75	273	116	
76	273	122	
77	116	59	
78	116	273	
79	59	18	
80	59	116	
81	18	67	
82	18	59	
83	67	164	
84	67	18	
85	164	188	
86	164	67	
87	188	190	
88	188	164	
89	190	3	
90	190	188	
91	3	12	
92	3	190	
93	12	174	
94	12	3	
95	174	12	
96	201	5	
97	5	141	
98	5	201	
99	141	209	
100	141	5	
101	209	187	
102	209	141	
103	187	294	
104	187	209	
105	294	158	
106	294	187	
107	158	291	
108	158	294	
109	291	86	
110	291	158	
111	86	258	
112	86	291	
113	258	109	
114	258	86	
115	109	181	
116	109	258	
117	181	233	
118	181	109	
119	233	32	
120	233	181	
121	32	268	
122	32	233	
123	268	237	
124	268	32	
125	237	8	
126	237	268	
127	8	277	
128	8	237	
129	277	239	
130	277	8	
131	239	184	
132	239	277	
133	184	249	
134	184	239	
135	249	188	
136	249	184	
137	188	98	
138	188	249	
139	98	208	
140	98	188	
141	208	97	
142	208	98	
143	97	208	
144	213	271	
145	271	160	
146	271	213	
147	160	51	
148	160	271	
149	51	14	
150	51	160	
151	14	102	
152	14	51	
153	102	100	
154	102	14	
155	100	48	
156	100	102	
157	48	274	
158	48	100	
159	274	237	
160	274	48	
161	237	85	
162	237	274	
163	85	136	
164	85	237	
165	136	52	
166	136	85	
167	52	57	
168	52	136	
169	57	261	
170	57	52	
171	261	179	
172	261	57	
173	179	256	
174	179	261	
175	256	266	
176	256	179	
177	266	264	
178	266	256	
179	264	172	
180	264	266	
181	172	286	
182	172	264	
183	286	236	
184	286	172	
185	236	75	
186	236	286	
187	75	173	
188	75	236	
189	173	2	
190	173	75	
191	2	227	
192	2	173	
193	227	148	
194	227	2	
195	148	227	
196	25	26	
197	26	83	
198	26	25	
199	83	110	
200	83	26	
201	110	217	
202	110	83	
203	217	182	
204	217	110	
205	182	129	
206	182	217	
207	129	116	
208	129	182	
209	116	273	
210	116	129	
211	273	102	
212	273	116	
213	102	100	
214	102	273	
215	100	114	
216	100	102	
217	114	239	
218	114	100	
219	239	178	
220	239	114	
221	178	241	
222	178	239	
223	241	33	
224	241	178	
225	33	16	
226	33	241	
227	16	232	
228	16	33	
229	232	99	
230	232	16	
231	99	260	
232	99	232	
233	260	38	
234	260	99	
235	38	196	
236	38	260	
237	196	38	
238	45	121	
239	121	27	
240	121	45	
241	27	281	
242	27	121	
243	281	185	
244	281	27	
245	185	23	
246	185	281	
247	23	77	
248	23	185	
249	77	126	
250	77	23	
251	126	37	
252	126	77	
253	37	270	
254	37	126	
255	270	186	
256	270	37	
257	186	172	
258	186	270	
259	172	81	
260	172	186	
261	81	236	
262	81	172	
263	236	75	
264	236	81	
265	75	257	
266	75	236	
267	257	105	
268	257	75	
269	105	65	
270	105	257	
271	65	196	
272	65	105	
273	196	175	
274	196	65	
275	175	56	
276	175	196	
277	56	231	
278	56	175	
279	231	20	
280	231	56	
281	20	76	
282	20	231	
283	76	74	
284	76	20	
285	74	17	
286	74	76	
287	17	191	
288	17	74	
289	191	174	
290	191	17	
291	174	191	
292	123	92	
293	92	10	
294	92	123	
295	10	215	
296	10	92	
297	215	63	
298	215	10	
299	63	72	
300	63	215	
301	72	243	
302	72	63	
303	243	273	
304	243	72	
305	273	140	
306	273	243	
307	140	50	
308	140	273	
309	50	100	
310	50	140	
311	100	200	
312	100	50	
313	200	36	
314	200	100	
315	36	132	
316	36	200	
317	132	54	
318	132	36	
319	54	181	
320	54	132	
321	181	229	
322	181	54	
323	229	183	
324	229	181	
325	183	205	
326	183	229	
327	205	52	
328	205	183	
329	52	204	
330	52	205	
331	204	275	
332	204	52	
333	275	120	
334	275	204	
335	120	197	
336	120	275	
337	197	41	
338	197	120	
339	41	135	
340	41	197	
341	135	196	
342	135	41	
343	196	279	
344	196	135	
345	279	153	
346	279	196	
347	153	224	
348	153	279	
349	224	211	
350	224	153	
351	211	225	
352	211	224	
353	225	192	
354	225	211	
355	192	152	
356	192	225	
357	152	192	
358	153	131	
359	131	288	
360	131	153	
361	288	290	
362	288	131	
363	290	289	
364	290	288	
365	289	290	
366	13	142	
367	142	29	
368	142	13	
369	29	90	
370	29	142	
371	90	60	
372	90	29	
373	60	126	
374	60	90	
375	126	79	
376	126	60	
377	79	128	
378	79	126	
379	128	113	
380	128	79	
381	113	61	
382	113	128	
383	61	145	
384	61	113	
385	145	181	
386	145	61	
387	181	242	
388	181	145	
389	242	107	
390	242	181	
391	107	28	
392	107	242	
393	28	274	
394	28	107	
395	274	239	
396	274	28	
397	239	91	
398	239	274	
399	91	265	
400	91	239	
401	265	55	
402	265	91	
403	55	16	
404	55	265	
405	16	130	
406	16	55	
407	130	88	
408	130	16	
409	88	240	
410	88	130	
411	240	171	
412	240	88	
413	171	74	
414	171	240	
415	74	167	
416	74	171	
417	167	226	
418	167	74	
419	226	210	
420	226	167	
421	210	138	
422	210	226	
423	138	44	
424	138	210	
425	44	80	
426	44	138	
427	80	155	
428	80	44	
429	155	154	
430	155	80	
431	154	69	
432	154	155	
433	69	71	
434	69	154	
435	71	70	
436	71	69	
437	70	199	
438	70	71	
439	199	70	
440	203	22	
441	22	161	
442	22	203	
443	161	218	
444	161	22	
445	218	87	
446	218	161	
447	87	166	
448	87	218	
449	166	165	
450	166	87	
451	165	115	
452	165	166	
453	115	235	
454	115	165	
455	235	127	
456	235	115	
457	127	246	
458	127	235	
459	246	281	
460	246	127	
461	281	112	
462	281	246	
463	112	4	
464	112	281	
465	4	93	
466	4	112	
467	93	263	
468	93	4	
469	263	169	
470	263	93	
471	169	251	
472	169	263	
473	251	109	
474	251	169	
475	109	54	
476	109	251	
477	54	242	
478	54	109	
479	242	107	
480	242	54	
481	107	28	
482	107	242	
483	28	274	
484	28	107	
485	274	239	
486	274	28	
487	239	178	
488	239	274	
489	178	250	
490	178	239	
491	250	293	
492	250	178	
493	293	47	
494	293	250	
495	47	247	
496	47	293	
497	247	174	
498	247	47	
499	174	35	
500	174	247	
501	35	159	
502	35	174	
503	159	216	
504	159	35	
505	216	244	
506	216	159	
507	244	73	
508	244	216	
509	73	147	
510	73	244	
511	147	73	
512	31	30	
513	30	166	
514	30	31	
515	166	43	
516	43	168	
517	168	117	
518	207	30	
519	165	207	
520	82	165	
521	117	46	
522	117	82	
523	46	11	
524	46	117	
525	11	126	
526	11	46	
527	126	267	
528	126	11	
529	267	78	
530	267	126	
531	78	283	
532	78	267	
533	283	269	
534	283	78	
535	269	144	
536	269	283	
537	144	179	
538	144	269	
539	179	58	
540	179	144	
541	58	163	
542	58	179	
543	163	39	
544	163	58	
545	39	120	
546	39	163	
547	120	99	
548	120	39	
549	99	120	
550	52	111	
551	111	234	
552	111	52	
553	234	8	
554	234	111	
555	8	239	
556	8	234	
557	239	106	
558	239	8	
559	106	18	
560	106	239	
561	18	230	
562	18	106	
563	230	118	
564	230	18	
565	118	195	
566	118	230	
567	195	276	
568	195	118	
569	276	220	
570	276	195	
571	220	150	
572	220	276	
573	150	220	
574	94	214	
575	214	162	
576	214	94	
577	162	160	
578	162	214	
579	160	119	
580	160	162	
581	119	125	
582	119	160	
583	125	1	
584	125	119	
585	1	193	
586	1	125	
587	193	255	
588	193	1	
589	255	176	
590	255	193	
591	176	280	
592	176	255	
593	280	258	
594	280	176	
595	258	145	
596	258	280	
597	145	61	
598	145	258	
599	61	9	
600	61	145	
601	9	272	
602	9	61	
603	272	248	
604	272	9	
605	248	269	
606	248	272	
607	269	238	
608	269	248	
609	238	177	
610	238	269	
611	177	172	
612	177	238	
613	172	89	
614	172	177	
615	89	186	
616	89	172	
617	186	292	
618	186	89	
619	292	285	
620	292	186	
621	285	62	
622	285	292	
623	62	222	
624	62	285	
625	222	64	
626	222	62	
627	64	151	
628	64	222	
629	151	64	
630	53	157	
631	157	156	
632	157	53	
633	156	221	
634	156	157	
635	221	198	
636	221	156	
637	198	189	
638	198	221	
639	189	96	
640	189	198	
641	96	172	
642	96	189	
643	172	78	
644	172	96	
645	78	254	
646	78	172	
647	254	284	
648	254	78	
649	284	113	
650	284	254	
651	113	42	
652	113	284	
653	42	169	
654	42	113	
655	169	258	
656	169	42	
657	258	139	
658	258	169	
659	139	194	
660	139	258	
661	194	124	
662	194	139	
663	124	108	
664	124	194	
665	108	219	
666	108	124	
667	219	103	
668	219	108	
669	103	149	
670	103	219	
671	149	40	
672	149	103	
673	40	252	
674	40	149	
675	252	15	
676	252	40	
677	15	253	
678	15	252	
679	253	15	
680	124	34	
681	34	212	
682	34	124	
683	212	146	
684	212	34	
685	146	95	
686	146	212	
687	95	133	
688	95	146	
689	133	134	
690	133	95	
691	134	133	
692	258	145	
693	145	229	
694	145	258	
695	229	52	
696	229	145	
697	52	101	
698	52	229	
699	101	20	
700	101	52	
701	20	68	
702	20	101	
703	68	21	
704	68	20	
705	21	180	
706	21	68	
707	180	21	
